Card #1
+----+----+----+----+----+
|  7 |  8 | 36 | 31 | 66 |
+----+----+----+----+----+
| 47 | 28 | 41 | 69 | 67 |
+----+----+----+----+----+
| 38 | 52 | 21 |  3 | 22 |
+----+----+----+----+----+
| 42 | 62 | 19 | 29 | 58 |
+----+----+----+----+----+
| 10 | 44 | 33 | 64 | 68 |
+----+----+----+----+----+

Card #2
+----+----+----+----+----+
| 48 | 75 | 18 |  2 | 44 |
+----+----+----+----+----+
| 61 | 51 | 37 | 31 | 74 |
+----+----+----+----+----+
|  5 | 28 | 29 | 42 | 67 |
+----+----+----+----+----+
| 23 | 41 |  9 | 53 | 54 |
+----+----+----+----+----+
|  1 | 66 | 16 | 60 | 71 |
+----+----+----+----+----+

Card #3
+----+----+----+----+----+
| 15 | 27 | 18 | 62 | 60 |
+----+----+----+----+----+
| 10 | 11 | 33 | 44 | 48 |
+----+----+----+----+----+
| 37 | 67 | 34 | 23 | 20 |
+----+----+----+----+----+
| 72 | 68 | 61 | 30 | 47 |
+----+----+----+----+----+
| 28 | 17 | 43 | 36 | 70 |
+----+----+----+----+----+

Card #4
+----+----+----+----+----+
| 18 | 52 | 59 | 61 |  8 |
+----+----+----+----+----+
| 11 | 64 | 10 | 68 | 14 |
+----+----+----+----+----+
| 65 | 58 |  4 | 37 |  7 |
+----+----+----+----+----+
| 40 | 22 | 30 | 69 | 20 |
+----+----+----+----+----+
| 53 | 60 | 67 |  3 |  5 |
+----+----+----+----+----+

Card #5
+----+----+----+----+----+
| 68 | 56 | 32 | 70 | 46 |
+----+----+----+----+----+
| 37 | 66 | 17 |  9 | 63 |
+----+----+----+----+----+
|  8 | 24 | 26 | 35 | 58 |
+----+----+----+----+----+
|  5 | 31 | 10 | 36 | 29 |
+----+----+----+----+----+
| 21 | 30 |  7 | 14 | 42 |
+----+----+----+----+----+

